# WARNING: this file is not sorted!
# db	motif                         	 E-value	adj_p-value	log_adj_p-value	bin_location	bin_width	total_width	sites_in_bin	total_sites	p_success	 p-value	mult_tests
   1	1                             	4.1e-052	   4.6e-055	        -125.11	         0.0	       95	        143	        5343	       7115	  0.66434	6.5e-057	        71
   2	TGABTMA                       	3.4e-079	   3.8e-082	        -187.47	         0.0	       94	        144	        3514	       4474	  0.65278	5.4e-084	        71
   2	CASGTR                        	2.4e-002	   2.8e-005	         -10.50	         0.0	       83	        145	        4773	       7958	  0.57241	3.8e-007	        72
   2	GRTGACD                       	6.3e-023	   7.1e-026	         -57.90	         0.0	       90	        144	        2641	       3721	  0.62500	1.0e-027	        71
   2	RCAAAYA                       	7.4e-001	   8.5e-004	          -7.08	         0.0	       72	        144	        1160	       2125	  0.50000	1.2e-005	        71
   2	CCRCCKCC                      	7.4e-001	   8.5e-004	          -7.07	         0.0	       95	        143	        1509	       2134	  0.66434	1.2e-005	        71
   2	TGABGTCA                      	5.5e-003	   6.2e-006	         -11.99	         0.0	       89	        143	         530	        742	  0.62238	8.7e-008	        71
   3	MA0004.1 Arnt                 	2.5e-002	   2.9e-005	         -10.46	         0.0	       81	        145	        1851	       3070	  0.55862	4.0e-007	        72
   3	MA0018.1 CREB1                	3.5e-002	   3.9e-005	         -10.14	         0.0	       77	        139	        1077	       1761	  0.55396	5.7e-007	        69
   3	MA0018.2 CREB1                	4.6e-003	   5.3e-006	         -12.16	         0.0	      109	        143	        7556	       9627	  0.76224	7.4e-008	        71
   3	MA0043.1 HLF                  	1.9e0000	   2.1e-003	          -6.16	         0.0	       87	        139	        3468	       5316	  0.62590	3.1e-005	        69
   3	MA0047.2 Foxa2                	3.6e0000	   4.1e-003	          -5.49	         0.0	       79	        139	        3560	       6003	  0.56835	6.0e-005	        69
   3	MA0055.1 Myf                  	2.1e-001	   2.4e-004	          -8.33	         0.0	       85	        139	        3404	       5306	  0.61151	3.5e-006	        69
   3	MA0058.1 MAX                  	4.4e-002	   5.0e-005	          -9.90	         0.0	       99	        141	        2652	       3590	  0.70213	7.1e-007	        70
   3	MA0059.1 MYC::MAX             	2.1e0000	   2.3e-003	          -6.06	         0.0	       44	        140	         989	       2829	  0.31429	3.4e-005	        69
   3	MA0067.1 Pax2                 	6.8e-010	   7.7e-013	         -27.89	         0.0	      113	        143	       12671	      15551	  0.79021	1.1e-014	        71
   3	MA0086.1 sna                  	1.1e-003	   1.2e-006	         -13.60	         0.0	      117	        145	       11142	      13498	  0.80690	1.7e-008	        72
   3	MA0089.1 NFE2L1::MafG         	1.2e-024	   1.4e-027	         -61.85	         0.0	       95	        145	       11648	      16737	  0.65517	1.9e-029	        72
   3	MA0093.1 USF1                 	5.2e0000	   5.9e-003	          -5.13	         0.0	       34	        144	        1096	       4197	  0.23611	8.3e-005	        71
   3	MA0096.1 bZIP910              	1.6e0000	   1.8e-003	          -6.32	         0.0	      108	        144	         507	        619	  0.75000	2.5e-005	        71
   3	MA0099.1 Fos                  	1.7e-046	   2.0e-049	        -112.14	         0.0	       77	        143	        6634	      10877	  0.53846	2.8e-051	        71
   3	MA0099.2 AP1                  	4.6e-036	   5.2e-039	         -88.15	         0.0	       90	        144	        9377	      13802	  0.62500	7.3e-041	        71
   3	MA0103.1 ZEB1                 	7.2e-001	   8.2e-004	          -7.11	         0.0	      129	        145	       13155	      14608	  0.88966	1.1e-005	        72
   3	MA0104.1 Mycn                 	9.8e-005	   1.1e-007	         -16.01	         0.0	       83	        145	        5296	       8773	  0.57241	1.5e-009	        72
   3	MA0104.2 Mycn                 	1.3e-003	   1.4e-006	         -13.46	         0.0	       41	        141	        2242	       6985	  0.29078	2.0e-008	        70
   3	MA0107.1 RELA                 	4.4e0000	   5.0e-003	          -5.29	         0.0	       85	        141	        1915	       3008	  0.60284	7.2e-005	        70
   3	MA0110.1 ATHB-5               	8.4e-001	   9.6e-004	          -6.95	         0.0	       50	        142	         898	       2274	  0.35211	1.4e-005	        70
   3	MA0117.1 Mafb                 	1.9e-008	   2.2e-011	         -24.53	         0.0	       71	        143	        9216	      17600	  0.49650	3.1e-013	        71
   3	MA0119.1 TLX1::NFIC           	1.7e-003	   1.9e-006	         -13.17	         0.0	       99	        137	         803	       1007	  0.72263	2.8e-008	        68
   3	MA0128.1 EmBP-1               	2.6e0000	   3.0e-003	          -5.82	         0.0	      103	        143	        2362	       3142	  0.72028	4.2e-005	        71
   3	MA0129.1 TGA1A                	8.3e0000	   9.4e-003	          -4.67	         0.0	       74	        144	        4127	       7719	  0.51389	1.3e-004	        71
   3	MA0139.1 CTCF                 	9.2e-019	   1.1e-021	         -48.30	         0.0	       56	        132	        2351	       4740	  0.42424	1.6e-023	        65
   3	MA0150.1 NFE2L2               	7.1e-020	   8.1e-023	         -50.87	         0.0	       84	        140	        3101	       4610	  0.60000	1.2e-024	        69
   3	MA0153.1 HNF1B                	5.5e-001	   6.3e-004	          -7.37	         0.0	       77	        139	        1102	       1824	  0.55396	9.1e-006	        69
   3	MA0162.1 Egr1                 	3.9e0000	   4.5e-003	          -5.41	         0.0	       86	        140	        2850	       4438	  0.61429	6.5e-005	        69
   3	MA0177.1 CG18599              	4.5e0000	   5.2e-003	          -5.27	         0.0	       90	        144	        2593	       3964	  0.62500	7.3e-005	        71
   3	MA0188.1 Dr                   	5.5e-001	   6.2e-004	          -7.38	         0.0	       86	        144	         894	       1366	  0.59722	8.8e-006	        71
   3	MA0207.1 achi                 	5.4e0000	   6.2e-003	          -5.09	         0.0	       91	        145	        4264	       6560	  0.62759	8.6e-005	        72
   3	MA0213.1 brk                  	2.7e-001	   3.1e-004	          -8.07	         0.0	       87	        143	        3926	       6173	  0.60839	4.4e-006	        71
   3	MA0215.1 btn                  	3.2e-001	   3.6e-004	          -7.92	         0.0	       90	        144	        3920	       6007	  0.62500	5.1e-006	        71
   3	MA0220.1 en                   	2.9e-001	   3.4e-004	          -8.00	         0.0	       92	        144	        2274	       3367	  0.63889	4.7e-006	        71
   3	MA0227.1 hth                  	3.6e-006	   4.1e-009	         -19.31	         0.0	       93	        145	        3571	       5222	  0.64138	5.7e-011	        72
   3	MA0241.1 ro                   	2.4e-001	   2.7e-004	          -8.22	         0.0	       92	        144	        2189	       3235	  0.63889	3.8e-006	        71
   3	MA0244.1 slbo                 	2.8e0000	   3.2e-003	          -5.74	         0.0	       67	        143	        7156	      14765	  0.46853	4.5e-005	        71
   3	MA0252.1 vis                  	1.2e-004	   1.3e-007	         -15.85	         0.0	       91	        145	        4529	       6842	  0.62759	1.8e-009	        72
   3	MA0255.1 z                    	2.9e-006	   3.4e-009	         -19.51	         0.0	       79	        141	        8432	      14363	  0.56028	4.8e-011	        70
   3	MA0256.1 zen                  	9.0e0000	   1.0e-002	          -4.58	         0.0	       92	        144	        1318	       1943	  0.63889	1.4e-004	        71
   3	MA0259.1 HIF1A::ARNT          	2.0e-002	   2.3e-005	         -10.67	         0.0	       61	        143	        2608	       5676	  0.42657	3.3e-007	        71
   3	MA0271.1 ARG80                	1.6e-015	   1.8e-018	         -40.84	         0.0	       93	        145	        8539	      12551	  0.64138	2.6e-020	        72
   3	MA0272.1 ARG81                	1.6e-026	   1.8e-029	         -66.17	         0.0	       91	        143	        5696	       8170	  0.63636	2.6e-031	        71
   3	MA0278.1 BAS1                 	1.0e-001	   1.1e-004	          -9.08	         0.0	       76	        130	        2261	       3632	  0.58462	1.8e-006	        64
   3	MA0279.1 CAD1                 	1.1e0000	   1.3e-003	          -6.65	         0.0	       71	        141	         658	       1167	  0.50355	1.9e-005	        70
   3	MA0281.1 CBF1                 	2.3e-002	   2.7e-005	         -10.53	         0.0	       81	        143	        1268	       2044	  0.56643	3.8e-007	        71
   3	MA0283.1 CHA4                 	5.7e-001	   6.5e-004	          -7.34	         0.0	       93	        143	        4406	       6522	  0.65035	9.1e-006	        71
   3	MA0286.1 CST6                 	2.3e-002	   2.6e-005	         -10.54	         0.0	      108	        142	        2337	       2925	  0.76056	3.8e-007	        70
   3	MA0287.1 CUP2                 	8.9e0000	   1.0e-002	          -4.59	         0.0	      128	        140	        3482	       3742	  0.91429	1.5e-004	        69
   3	MA0303.1 GCN4                 	2.1e-039	   2.4e-042	         -95.82	         0.0	       92	        130	        4466	       5660	  0.70769	3.8e-044	        64
   3	MA0310.1 HAC1                 	2.0e-001	   2.2e-004	          -8.41	         0.0	       85	        143	        1150	       1778	  0.59441	3.1e-006	        71
   3	MA0326.1 MAC1                 	2.8e0000	   3.2e-003	          -5.73	         0.0	       37	        143	         593	       1991	  0.25874	4.6e-005	        71
   3	MA0330.1 MBP1::SWI6           	2.4e0000	   2.8e-003	          -5.89	         0.0	       80	        144	        1953	       3312	  0.55556	3.9e-005	        71
   3	MA0374.1 RSC3                 	4.2e0000	   4.8e-003	          -5.33	         0.0	       76	        144	        2549	       4584	  0.52778	6.8e-005	        71
   3	MA0394.1 STP1                 	2.4e0000	   2.7e-003	          -5.92	         0.0	       55	        143	        2396	       5845	  0.38462	3.8e-005	        71
   3	MA0405.1 TEA1                 	8.5e-001	   9.6e-004	          -6.94	         0.0	       93	        143	        4761	       7063	  0.65035	1.4e-005	        71
   3	MA0408.1 TOS8                 	2.9e-007	   3.3e-010	         -21.84	         0.0	       93	        143	        5770	       8417	  0.65035	4.6e-012	        71
   3	MA0409.1 TYE7                 	1.5e-006	   1.7e-009	         -20.20	         0.0	       80	        144	        4622	       7801	  0.55556	2.4e-011	        71
   3	MA0410.1 UGA3                 	5.3e0000	   6.0e-003	          -5.12	         0.0	       75	        143	        3571	       6518	  0.52448	8.5e-005	        71
   3	MA0419.1 YAP7                 	3.7e-023	   4.2e-026	         -58.42	         0.0	       84	        140	        3366	       4989	  0.60000	6.2e-028	        69
   3	MA0447.1 gt                   	6.0e-001	   6.8e-004	          -7.29	         0.0	       75	        141	         638	       1069	  0.53191	9.8e-006	        70
   3	MA0449.1 h                    	6.1e-006	   6.9e-009	         -18.79	         0.0	       85	        141	        3630	       5636	  0.60284	9.9e-011	        70
   3	MA0450.1 hkb                  	3.0e-006	   3.4e-009	         -19.49	         0.0	       92	        142	        2430	       3472	  0.64789	4.9e-011	        70
   4	UP00099_1 Ascl2_primary       	3.6e0000	   4.1e-003	          -5.51	         0.0	       76	        134	        6994	      11964	  0.56716	6.2e-005	        66
   4	UP00020_1 Atf1_primary        	3.6e-005	   4.1e-008	         -17.00	         0.0	       81	        135	        1592	       2412	  0.60000	6.2e-010	        67
   4	UP00050_1 Bhlhb2_primary      	4.1e0000	   4.7e-003	          -5.36	         0.0	       83	        129	        2074	       3068	  0.64341	7.4e-005	        64
   4	UP00001_1 E2F2_primary        	5.4e0000	   6.2e-003	          -5.09	         0.0	       68	        136	        1562	       2920	  0.50000	9.2e-005	        67
   4	UP00003_1 E2F3_primary        	2.6e0000	   3.0e-003	          -5.81	         0.0	       68	        136	        1260	       2331	  0.50000	4.5e-005	        67
   4	UP00103_1 Jundm2_primary      	1.6e-003	   1.8e-006	         -13.24	         0.0	       61	        135	        1168	       2296	  0.45185	2.7e-008	        67
   4	UP00098_1 Rfx3_primary        	7.5e0000	   8.5e-003	          -4.77	         0.0	       88	        128	        1916	       2660	  0.68750	1.4e-004	        63
   4	UP00056_1 Rfx4_primary        	1.3e-003	   1.5e-006	         -13.44	         0.0	       82	        136	        1936	       2969	  0.60294	2.2e-008	        67
   4	UP00076_1 Rfxdc2_primary      	9.8e-002	   1.1e-004	          -9.10	         0.0	       88	        136	        2738	       4014	  0.64706	1.7e-006	        67
   4	UP00020_2 Atf1_secondary      	2.6e0000	   3.0e-003	          -5.81	         0.0	      113	        137	        9056	      10793	  0.82482	4.4e-005	        68
   4	UP00003_2 E2F3_secondary      	3.2e-003	   3.7e-006	         -12.51	         0.0	       90	        134	        2814	       3958	  0.67164	5.6e-008	        66
   4	UP00068_2 Eomes_secondary     	2.1e-002	   2.4e-005	         -10.63	         0.0	       85	        135	        6331	       9682	  0.62963	3.6e-007	        67
   4	UP00084_2 Gmeb1_secondary     	1.4e0000	   1.6e-003	          -6.42	         0.0	       69	        135	        3556	       6634	  0.51111	2.4e-005	        67
   4	UP00103_2 Jundm2_secondary    	2.4e-050	   2.7e-053	        -121.03	         0.0	       77	        135	        4157	       6232	  0.57037	4.1e-055	        67
   4	UP00060_2 Max_secondary       	1.2e-004	   1.3e-007	         -15.84	         0.0	       83	        137	        5876	       9243	  0.60584	1.9e-009	        68
   4	UP00000_2 Smad3_secondary     	4.6e0000	   5.2e-003	          -5.26	         0.0	       86	        134	        7534	      11437	  0.64179	7.9e-005	        66
   4	UP00095_2 Zfp691_secondary    	2.0e-003	   2.3e-006	         -12.97	         0.0	      102	        134	        8998	      11500	  0.76119	3.5e-008	        66
   4	UP00102_2 Zic1_secondary      	7.6e-002	   8.7e-005	          -9.35	         0.0	      102	        136	        7809	      10140	  0.75000	1.3e-006	        67
   4	UP00057_2 Zic2_secondary      	5.7e-001	   6.5e-004	          -7.34	         0.0	      102	        136	        7932	      10326	  0.75000	9.7e-006	        67
   4	UP00006_2 Zic3_secondary      	5.1e-001	   5.8e-004	          -7.45	         0.0	      102	        136	        7718	      10044	  0.75000	8.6e-006	        67
   4	UP00198_1 Cphx_3484.1         	4.3e-001	   4.9e-004	          -7.61	         0.0	       89	        137	        2422	       3539	  0.64964	7.3e-006	        68
   4	UP00201_1 Emx2_3420.1         	7.1e-001	   8.1e-004	          -7.12	         0.0	       50	        134	        1474	       3617	  0.37313	1.2e-005	        66
   4	UP00162_1 Evx1_3952.2         	2.0e0000	   2.2e-003	          -6.10	         0.0	       68	        134	        2184	       4054	  0.50746	3.4e-005	        66
   4	UP00123_1 Hlxb9_3422.1        	1.2e0000	   1.4e-003	          -6.56	         0.0	       69	        135	        1884	       3451	  0.51111	2.1e-005	        67
   4	UP00174_1 Hoxa2_3079.1        	9.4e0000	   1.1e-002	          -4.54	         0.0	       95	        135	        3456	       4750	  0.70370	1.6e-004	        67
   4	UP00391_3 Hoxa3_2783.2        	6.0e0000	   6.8e-003	          -4.99	         0.0	       53	        137	        1920	       4643	  0.38686	1.0e-004	        68
   4	UP00196_1 Hoxa4_3426.1        	1.7e0000	   2.0e-003	          -6.23	         0.0	       74	        134	        2274	       3892	  0.55224	3.0e-005	        66
   4	UP00106_1 Vax2_3500.1         	7.2e0000	   8.2e-003	          -4.80	         0.0	       75	        135	        2912	       5010	  0.55556	1.2e-004	        67
